CONFUSION MATRIX:
[[100   0   0   0   0   0   0   0   0   0   0   0   0   0   0   0]
 [  0  64   0  21   0   0   0   0   0   0   0   0   1  14   0   0]
 [  0   0 100   0   0   0   0   0   0   0   0   0   0   0   0   0]
 [  0   5   0  63   0   0   0   0   0   0   0   0  29   3   0   0]
 [  0   0   0   0 100   0   0   0   0   0   0   0   0   0   0   0]
 [  0   0   0   0   0 100   0   0   0   0   0   0   0   0   0   0]
 [  0   0   0   0   0   0 100   0   0   0   0   0   0   0   0   0]
 [  0   0   0   0   0   0   0  64  36   0   0   0   0   0   0   0]
 [  0   0   0   0   0   0   0   0 100   0   0   0   0   0   0   0]
 [  0   0   0   0   1   0   1   0   0  98   0   0   0   0   0   0]
 [  0   0   0   0   0   0   0   1   0   0  99   0   0   0   0   0]
 [  0   0   0   0   0   0   1   0   0   0   0  99   0   0   0   0]
 [  0   0   0  18   0   0   0   0   0   0   0   0  76   6   0   0]
 [  0   0   0   0   0   0   0   0   0   0   0   0   5  95   0   0]
 [  3   0   0   0   0   0   0   0   0   0   0   0   0   0  97   0]
 [  0   0   0   0   0   0   0   0   0   0   0   0   0   0   0 100]]

PER-CLASS ACC:
['100.00%', '64.00%', '100.00%', '63.00%', '100.00%', '100.00%', '100.00%', '64.00%', '100.00%', '98.00%', '99.00%', '99.00%', '76.00%', '95.00%', '97.00%', '100.00%']

CLASS COUNTS:
[100, 100, 100, 100, 100, 100, 100, 100, 100, 100, 100, 100, 100, 100, 100, 100]

ACC FROM CM: 90.94%

SANITY permuted acc = 6.25% (should be ~6.25%)
