CONFUSION MATRIX:
[[100   0   0   0   0   0   0   0   0   0   0   0   0   0   0   0]
 [  0  10   0  48   0   0   0   0   0   0   0   0   5  37   0   0]
 [  0   0  99   0   0   0   0   1   0   0   0   0   0   0   0   0]
 [  0   0   0  68   0   0   0   0   0   0   0   0  32   0   0   0]
 [  0   0   0   0 100   0   0   0   0   0   0   0   0   0   0   0]
 [  0   0   0   0   0 100   0   0   0   0   0   0   0   0   0   0]
 [  0   0   0   0   0   0 100   0   0   0   0   0   0   0   0   0]
 [  0   0   0   0   0   0   0  54  45   0   0   0   0   0   1   0]
 [  0   0   0   0   0   0   0   0 100   0   0   0   0   0   0   0]
 [  0   0   0   1   0   0   0   0   0  99   0   0   0   0   0   0]
 [  0   0   0   0   0   0   0   4   0   0  96   0   0   0   0   0]
 [  0   0   0   1   0   0   1   0   0   0   0  98   0   0   0   0]
 [  0   0   0  16   0   0   0   0   0   0   0   0  84   0   0   0]
 [  0   0   0   0   0   0   0   0   0   0   0   0   3  97   0   0]
 [  0   0   0   0   0   0   0   0   0   0   0   0   0   0 100   0]
 [  3   0   0   0   0   0   0   0   0   0   0   0   0   0   0  97]]

PER-CLASS ACC:
['100.00%', '10.00%', '99.00%', '68.00%', '100.00%', '100.00%', '100.00%', '54.00%', '100.00%', '99.00%', '96.00%', '98.00%', '84.00%', '97.00%', '100.00%', '97.00%']

CLASS COUNTS:
[100, 100, 100, 100, 100, 100, 100, 100, 100, 100, 100, 100, 100, 100, 100, 100]

ACC FROM CM: 87.62%

SANITY permuted acc = 3.44% (should be ~6.25%)
