CONFUSION MATRIX:
[[100   0   0   0   0   0   0   0   0   0   0   0   0   0   0   0]
 [  0   0   0  76   0   0   0   0   0   0   0   0   4  20   0   0]
 [  0   0 100   0   0   0   0   0   0   0   0   0   0   0   0   0]
 [  0   0   0  55   0   0   0   0   0   0   0   0  44   1   0   0]
 [  0   0   0   0 100   0   0   0   0   0   0   0   0   0   0   0]
 [  0   0   0   0   0 100   0   0   0   0   0   0   0   0   0   0]
 [  0   0   0   1   0   0  99   0   0   0   0   0   0   0   0   0]
 [  0   0   0   0   0   0   0  58  42   0   0   0   0   0   0   0]
 [  0   0   0   0   0   0   0   0 100   0   0   0   0   0   0   0]
 [  0   0   0   0   1   0   0   0   0  99   0   0   0   0   0   0]
 [  0   0   0   0   0   0   0   7   0   0  93   0   0   0   0   0]
 [  0   0   0   1   0   0   0   0   0   0   0  99   0   0   0   0]
 [  0   0   0   3   0   0   0   0   0   0   0   0  95   2   0   0]
 [  0   0   0   0   0   0   0   0   0   0   0   0   6  94   0   0]
 [  0   0   0   0   0   0   0   0   0   0   0   0   0   0 100   0]
 [  7   0   0   0   0   0   0   0   0   0   0   0   0   0   0  93]]

PER-CLASS ACC:
['100.00%', '0.00%', '100.00%', '55.00%', '100.00%', '100.00%', '99.00%', '58.00%', '100.00%', '99.00%', '93.00%', '99.00%', '95.00%', '94.00%', '100.00%', '93.00%']

CLASS COUNTS:
[100, 100, 100, 100, 100, 100, 100, 100, 100, 100, 100, 100, 100, 100, 100, 100]

ACC FROM CM: 86.56%

SANITY permuted acc = 2.62% (should be ~6.25%)
