CONFUSION MATRIX:
[[100   0   0   0   0   0   0   0   0   0   0   0   0   0   0   0]
 [  0  90   0  10   0   0   0   0   0   0   0   0   0   0   0   0]
 [  0   0 100   0   0   0   0   0   0   0   0   0   0   0   0   0]
 [  0   4   0  60   0   0   0   0   0   0   0   0  36   0   0   0]
 [  0   0   0   0 100   0   0   0   0   0   0   0   0   0   0   0]
 [  0   0   0   0   0 100   0   0   0   0   0   0   0   0   0   0]
 [  0   0   0   0   0   0 100   0   0   0   0   0   0   0   0   0]
 [  0   0   0   0   0   0   0  89  11   0   0   0   0   0   0   0]
 [  0   0   0   0   0   0   0   0 100   0   0   0   0   0   0   0]
 [  0   0   0   0   0   0   0   0   0 100   0   0   0   0   0   0]
 [  0   0   0   0   0   0   0   1   0   0  99   0   0   0   0   0]
 [  0   0   0   0   0   0   0   0   0   0   0 100   0   0   0   0]
 [  0   0   0   3   0   0   0   0   0   0   0   0  97   0   0   0]
 [  0   0   0   0   0   0   0   0   0   0   0   0   0 100   0   0]
 [  0   0   0   0   0   0   0   0   0   0   0   0   0   0 100   0]
 [  1   0   0   0   0   0   0   0   0   0   0   0   0   0   0  99]]

PER-CLASS ACC:
['100.00%', '90.00%', '100.00%', '60.00%', '100.00%', '100.00%', '100.00%', '89.00%', '100.00%', '100.00%', '99.00%', '100.00%', '97.00%', '100.00%', '100.00%', '99.00%']

CLASS COUNTS:
[100, 100, 100, 100, 100, 100, 100, 100, 100, 100, 100, 100, 100, 100, 100, 100]

ACC FROM CM: 95.88%

SANITY permuted acc = 24.25% (should be ~6.25%)
