CONFUSION MATRIX:
[[100   0   0   0   0   0   0   0   0   0   0   0   0   0   0   0]
 [  0   0   0  55   0   0   0   0   0   0   0   0   6  39   0   0]
 [  0   0 100   0   0   0   0   0   0   0   0   0   0   0   0   0]
 [  0   0   0  55   0   0   0   0   0   0   0   0  44   1   0   0]
 [  0   0   0   0 100   0   0   0   0   0   0   0   0   0   0   0]
 [  0   0   0   0   0 100   0   0   0   0   0   0   0   0   0   0]
 [  0   0   0   5   0   0  94   0   0   0   0   1   0   0   0   0]
 [  0   0   0   0   0   0   0  39  61   0   0   0   0   0   0   0]
 [  0   0   0   0   0   0   0   0 100   0   0   0   0   0   0   0]
 [  0   0   0   0   0   0   0   0   0 100   0   0   0   0   0   0]
 [  0   0   0   0   0   0   0  11   0   0  89   0   0   0   0   0]
 [  0   0   0   2   0   0   0   0   0   0   0  98   0   0   0   0]
 [  0   0   0   1   0   0   0   0   0   0   0   0  99   0   0   0]
 [  0   0   0   0   0   0   0   0   0   0   0   0  11  89   0   0]
 [  0   0   0   0   0   0   0   0   0   0   0   0   0   0 100   0]
 [ 28   0   0   0   0   0   0   0   0   0   0   0   0   0   0  72]]

PER-CLASS ACC:
['100.00%', '0.00%', '100.00%', '55.00%', '100.00%', '100.00%', '94.00%', '39.00%', '100.00%', '100.00%', '89.00%', '98.00%', '99.00%', '89.00%', '100.00%', '72.00%']

CLASS COUNTS:
[100, 100, 100, 100, 100, 100, 100, 100, 100, 100, 100, 100, 100, 100, 100, 100]

ACC FROM CM: 83.44%

SANITY permuted acc = 3.81% (should be ~6.25%)
