CONFUSION MATRIX:
[[100   0   0   0   0   0   0   0   0   0   0   0   0   0   0   0]
 [  0  35   0  61   0   0   0   0   0   0   0   0   2   2   0   0]
 [  0   0 100   0   0   0   0   0   0   0   0   0   0   0   0   0]
 [  0   0   0  79   0   0   0   0   0   0   0   0  21   0   0   0]
 [  0   0   0   0 100   0   0   0   0   0   0   0   0   0   0   0]
 [  0   0   0   0   0 100   0   0   0   0   0   0   0   0   0   0]
 [  0   0   0   0   0   0  98   0   0   0   0   2   0   0   0   0]
 [  0   0   0   0   0   0   0  79  21   0   0   0   0   0   0   0]
 [  0   0   0   0   0   0   0   0 100   0   0   0   0   0   0   0]
 [  0   0   0   0   0   0   0   0   0 100   0   0   0   0   0   0]
 [  0   0   0   0   0   0   0   3   0   0  97   0   0   0   0   0]
 [  0   0   0   0   0   0   0   0   0   0   0 100   0   0   0   0]
 [  0   0   0  11   0   0   0   0   0   0   0   0  89   0   0   0]
 [  0   0   0   0   0   0   0   0   0   0   0   0   9  91   0   0]
 [  0   0   0   0   0   0   0   0   0   0   0   0   0   0 100   0]
 [  2   0   0   0   0   0   0   0   0   0   0   0   0   0   0  98]]

PER-CLASS ACC:
['100.00%', '35.00%', '100.00%', '79.00%', '100.00%', '100.00%', '98.00%', '79.00%', '100.00%', '100.00%', '97.00%', '100.00%', '89.00%', '91.00%', '100.00%', '98.00%']

CLASS COUNTS:
[100, 100, 100, 100, 100, 100, 100, 100, 100, 100, 100, 100, 100, 100, 100, 100]

ACC FROM CM: 91.62%

SANITY permuted acc = 5.50% (should be ~6.25%)
