CONFUSION MATRIX:
[[100   0   0   0   0   0   0   0   0   0   0   0   0   0   0   0]
 [  0   2   0  33   0   0   0   0   0   0   0   0  10  55   0   0]
 [  0   0 100   0   0   0   0   0   0   0   0   0   0   0   0   0]
 [  0   0   0  55   0   0   0   0   0   0   0   0  44   1   0   0]
 [  0   0   0   0 100   0   0   0   0   0   0   0   0   0   0   0]
 [  0   0   0   0   0 100   0   0   0   0   0   0   0   0   0   0]
 [  0   0   0   0   0   0 100   0   0   0   0   0   0   0   0   0]
 [  0   0   0   0   0   0   0  57  43   0   0   0   0   0   0   0]
 [  0   0   0   0   0   0   0   0 100   0   0   0   0   0   0   0]
 [  0   0   0   0   0   0   0   0   0 100   0   0   0   0   0   0]
 [  0   0   0   0   0   0   0   6   0   0  94   0   0   0   0   0]
 [  0   0   0   2   0   0   4   0   0   0   0  94   0   0   0   0]
 [  0   0   0   4   0   0   0   0   0   0   0   0  96   0   0   0]
 [  0   0   0   0   0   0   0   0   0   0   0   0   1  99   0   0]
 [  2   0   0   0   0   0   0   0   0   0   0   0   0   0  98   0]
 [  5   0   0   0   0   0   0   0   0   0   0   0   0   0   0  95]]

PER-CLASS ACC:
['100.00%', '2.00%', '100.00%', '55.00%', '100.00%', '100.00%', '100.00%', '57.00%', '100.00%', '100.00%', '94.00%', '94.00%', '96.00%', '99.00%', '98.00%', '95.00%']

CLASS COUNTS:
[100, 100, 100, 100, 100, 100, 100, 100, 100, 100, 100, 100, 100, 100, 100, 100]

ACC FROM CM: 86.88%

SANITY permuted acc = 2.81% (should be ~6.25%)
