CONFUSION MATRIX:
[[100   0   0   0   0   0   0   0   0   0   0   0   0   0   0   0]
 [  0  52   0  38   0   0   0   0   0   0   0   0   4   6   0   0]
 [  0   0 100   0   0   0   0   0   0   0   0   0   0   0   0   0]
 [  0   0   0  73   0   0   0   0   0   0   0   0  26   1   0   0]
 [  0   0   0   0 100   0   0   0   0   0   0   0   0   0   0   0]
 [  0   0   0   0   0 100   0   0   0   0   0   0   0   0   0   0]
 [  0   0   0   0   0   0 100   0   0   0   0   0   0   0   0   0]
 [  0   0   0   0   0   0   0  58  42   0   0   0   0   0   0   0]
 [  0   0   0   0   0   0   0   0 100   0   0   0   0   0   0   0]
 [  0   0   0   0   0   0   0   0   0 100   0   0   0   0   0   0]
 [  0   0   0   0   0   0   0   2   0   0  98   0   0   0   0   0]
 [  0   0   0   1   0   0  13   0   0   0   0  86   0   0   0   0]
 [  0   0   0  36   0   0   0   0   0   0   0   0  64   0   0   0]
 [  0   0   0   1   0   0   0   0   0   0   0   0   8  91   0   0]
 [  0   0   0   0   0   0   0   0   0   0   0   0   0   0 100   0]
 [  1   0   0   0   0   0   0   0   0   0   0   0   0   0   0  99]]

PER-CLASS ACC:
['100.00%', '52.00%', '100.00%', '73.00%', '100.00%', '100.00%', '100.00%', '58.00%', '100.00%', '100.00%', '98.00%', '86.00%', '64.00%', '91.00%', '100.00%', '99.00%']

CLASS COUNTS:
[100, 100, 100, 100, 100, 100, 100, 100, 100, 100, 100, 100, 100, 100, 100, 100]

ACC FROM CM: 88.81%

SANITY permuted acc = 5.87% (should be ~6.25%)
