CONFUSION MATRIX:
[[100   0   0   0   0   0   0   0   0   0   0   0   0   0   0   0]
 [  0   0   0  84   0   0   0   0   0   0   0   0   9   7   0   0]
 [  0   0  98   0   0   0   0   2   0   0   0   0   0   0   0   0]
 [  0   0   0  62   0   0   0   0   0   0   0   0  38   0   0   0]
 [  0   0   0   0 100   0   0   0   0   0   0   0   0   0   0   0]
 [  0   0   0   0   0 100   0   0   0   0   0   0   0   0   0   0]
 [  0   0   0   2   0   0  95   0   0   0   0   2   1   0   0   0]
 [  0   0   0   0   0   0   0  52  48   0   0   0   0   0   0   0]
 [  0   0   0   0   0   0   0   0 100   0   0   0   0   0   0   0]
 [  0   0   0   0   1   0   0   0   0  99   0   0   0   0   0   0]
 [  0   0   0   0   0   0   0   9   0   0  91   0   0   0   0   0]
 [  0   0   0   1   0   0   1   0   0   0   0  98   0   0   0   0]
 [  0   0   0  12   0   0   0   0   0   0   0   0  88   0   0   0]
 [  0   0   0   1   0   0   0   0   0   0   0   0  21  78   0   0]
 [  2   0   0   0   0   0   0   0   0   0   0   0   0   0  98   0]
 [  4   0   0   0   0   0   0   0   0   0   0   0   0   0   0  96]]

PER-CLASS ACC:
['100.00%', '0.00%', '98.00%', '62.00%', '100.00%', '100.00%', '95.00%', '52.00%', '100.00%', '99.00%', '91.00%', '98.00%', '88.00%', '78.00%', '98.00%', '96.00%']

CLASS COUNTS:
[100, 100, 100, 100, 100, 100, 100, 100, 100, 100, 100, 100, 100, 100, 100, 100]

ACC FROM CM: 84.69%

SANITY permuted acc = 3.00% (should be ~6.25%)
