CONFUSION MATRIX:
[[100   0   0   0   0   0   0   0   0   0   0   0   0   0   0   0]
 [  0  54   0  45   0   0   0   0   0   0   0   0   0   1   0   0]
 [  0   0 100   0   0   0   0   0   0   0   0   0   0   0   0   0]
 [  0   0   0  90   0   0   0   0   0   0   0   0  10   0   0   0]
 [  0   0   0   0 100   0   0   0   0   0   0   0   0   0   0   0]
 [  0   0   0   0   0 100   0   0   0   0   0   0   0   0   0   0]
 [  0   0   0   0   0   0 100   0   0   0   0   0   0   0   0   0]
 [  1   0   0   0   0   0   0  71  28   0   0   0   0   0   0   0]
 [  0   0   0   0   0   0   0   0 100   0   0   0   0   0   0   0]
 [  0   0   0   0   0   0   0   0   0 100   0   0   0   0   0   0]
 [  0   0   0   0   0   0   0   2   0   0  98   0   0   0   0   0]
 [  0   0   0   0   0   0   0   0   0   0   0 100   0   0   0   0]
 [  0   0   0  19   0   0   0   0   0   0   0   0  81   0   0   0]
 [  0   0   0   0   0   0   0   0   0   0   0   0   3  97   0   0]
 [  0   0   0   0   0   0   0   0   0   0   0   0   0   0 100   0]
 [  0   0   0   0   0   0   0   0   0   0   0   0   0   0   0 100]]

PER-CLASS ACC:
['100.00%', '54.00%', '100.00%', '90.00%', '100.00%', '100.00%', '100.00%', '71.00%', '100.00%', '100.00%', '98.00%', '100.00%', '81.00%', '97.00%', '100.00%', '100.00%']

CLASS COUNTS:
[100, 100, 100, 100, 100, 100, 100, 100, 100, 100, 100, 100, 100, 100, 100, 100]

ACC FROM CM: 93.19%

SANITY permuted acc = 5.12% (should be ~6.25%)
