CONFUSION MATRIX:
[[100   0   0   0   0   0   0   0   0   0   0   0   0   0   0   0]
 [  0   7   0  49   0   0   0   0   0   0   0   0  39   5   0   0]
 [  0   0 100   0   0   0   0   0   0   0   0   0   0   0   0   0]
 [  0   0   0  45   0   0   0   0   0   0   0   0  54   1   0   0]
 [  0   0   0   0 100   0   0   0   0   0   0   0   0   0   0   0]
 [  0   0   0   0   0 100   0   0   0   0   0   0   0   0   0   0]
 [  0   0   0   0   0   0 100   0   0   0   0   0   0   0   0   0]
 [  0   0   0   0   0   0   0  44  56   0   0   0   0   0   0   0]
 [  0   0   0   0   0   0   0   0 100   0   0   0   0   0   0   0]
 [  0   0   0   0   0   0   0   0   0 100   0   0   0   0   0   0]
 [  0   0   0   0   0   0   0   2   0   0  98   0   0   0   0   0]
 [  0   0   0   0   0   0   1   0   0   0   0  99   0   0   0   0]
 [  0   0   0  12   0   0   0   0   0   0   0   0  87   1   0   0]
 [  0   0   0   1   0   0   0   0   0   0   0   0  48  51   0   0]
 [  0   0   0   0   0   0   0   0   0   0   0   0   0   0 100   0]
 [  1   0   0   0   0   0   0   0   0   0   0   0   0   0   0  99]]

PER-CLASS ACC:
['100.00%', '7.00%', '100.00%', '45.00%', '100.00%', '100.00%', '100.00%', '44.00%', '100.00%', '100.00%', '98.00%', '99.00%', '87.00%', '51.00%', '100.00%', '99.00%']

CLASS COUNTS:
[100, 100, 100, 100, 100, 100, 100, 100, 100, 100, 100, 100, 100, 100, 100, 100]

ACC FROM CM: 83.12%

SANITY permuted acc = 3.94% (should be ~6.25%)
