CONFUSION MATRIX:
[[100   0   0   0   0   0   0   0   0   0   0   0   0   0   0   0]
 [  0  70   0  27   0   0   0   0   0   0   0   0   1   2   0   0]
 [  0   0 100   0   0   0   0   0   0   0   0   0   0   0   0   0]
 [  0   2   0  44   0   0   0   0   0   0   0   0  53   1   0   0]
 [  0   0   0   0 100   0   0   0   0   0   0   0   0   0   0   0]
 [  0   0   0   0   0 100   0   0   0   0   0   0   0   0   0   0]
 [  0   0   0   0   0   0 100   0   0   0   0   0   0   0   0   0]
 [  0   0   0   0   0   0   0  59  41   0   0   0   0   0   0   0]
 [  0   0   0   0   0   0   0   0 100   0   0   0   0   0   0   0]
 [  0   0   0   0   0   0   0   0   0 100   0   0   0   0   0   0]
 [  0   0   0   0   0   0   0   2   0   0  98   0   0   0   0   0]
 [  0   0   0   1   0   0   0   0   0   0   0  99   0   0   0   0]
 [  0   0   0   3   0   0   0   0   0   0   0   0  97   0   0   0]
 [  0   0   0   0   0   0   0   0   0   0   0   0  14  86   0   0]
 [  1   0   0   0   0   0   0   0   0   0   0   0   0   0  99   0]
 [  3   0   0   0   0   0   0   0   0   0   0   0   0   0   0  97]]

PER-CLASS ACC:
['100.00%', '70.00%', '100.00%', '44.00%', '100.00%', '100.00%', '100.00%', '59.00%', '100.00%', '100.00%', '98.00%', '99.00%', '97.00%', '86.00%', '99.00%', '97.00%']

CLASS COUNTS:
[100, 100, 100, 100, 100, 100, 100, 100, 100, 100, 100, 100, 100, 100, 100, 100]

ACC FROM CM: 90.56%

SANITY permuted acc = 6.94% (should be ~6.25%)
