CONFUSION MATRIX:
[[100   0   0   0   0   0   0   0   0   0   0   0   0   0   0   0]
 [  0   4   0  74   0   0   0   0   0   0   0   0   1  21   0   0]
 [  0   0 100   0   0   0   0   0   0   0   0   0   0   0   0   0]
 [  0   0   0  73   0   0   0   0   0   0   0   0  27   0   0   0]
 [  0   0   0   0 100   0   0   0   0   0   0   0   0   0   0   0]
 [  0   0   0   0   0 100   0   0   0   0   0   0   0   0   0   0]
 [  0   0   0   0   0   0 100   0   0   0   0   0   0   0   0   0]
 [  0   0   0   0   0   0   0  80  20   0   0   0   0   0   0   0]
 [  0   0   0   0   0   0   0   0 100   0   0   0   0   0   0   0]
 [  0   0   0   0   0   0   0   0   0 100   0   0   0   0   0   0]
 [  0   0   0   0   0   0   0   6   0   0  94   0   0   0   0   0]
 [  0   0   0   0   0   0   0   0   0   0   0 100   0   0   0   0]
 [  0   0   0   4   0   0   0   0   0   0   0   0  96   0   0   0]
 [  0   0   0   0   0   0   0   0   0   0   0   0   1  99   0   0]
 [  0   0   0   0   0   0   0   0   0   0   0   0   0   0 100   0]
 [  4   0   0   0   0   0   0   0   0   0   0   0   0   0   0  96]]

PER-CLASS ACC:
['100.00%', '4.00%', '100.00%', '73.00%', '100.00%', '100.00%', '100.00%', '80.00%', '100.00%', '100.00%', '94.00%', '100.00%', '96.00%', '99.00%', '100.00%', '96.00%']

CLASS COUNTS:
[100, 100, 100, 100, 100, 100, 100, 100, 100, 100, 100, 100, 100, 100, 100, 100]

ACC FROM CM: 90.12%

SANITY permuted acc = 13.94% (should be ~6.25%)
