CONFUSION MATRIX:
[[100   0   0   0   0   0   0   0   0   0   0   0   0   0   0   0]
 [  0   0   0  57   0   0   0   0   0   0   0   0  16  27   0   0]
 [  0   0 100   0   0   0   0   0   0   0   0   0   0   0   0   0]
 [  0   0   0  56   0   0   0   0   0   0   0   0  43   1   0   0]
 [  0   0   0   0 100   0   0   0   0   0   0   0   0   0   0   0]
 [  0   0   0   0   0 100   0   0   0   0   0   0   0   0   0   0]
 [  0   0   0   2   0   0  98   0   0   0   0   0   0   0   0   0]
 [  0   0   0   0   0   0   0  75  25   0   0   0   0   0   0   0]
 [  0   0   0   0   0   0   0   0 100   0   0   0   0   0   0   0]
 [  0   0   0   1   0   0   0   0   0  99   0   0   0   0   0   0]
 [  0   0   0   0   0   0   0   9   0   0  91   0   0   0   0   0]
 [  0   0   0  27   0   0  21   0   0   0   0  52   0   0   0   0]
 [  0   0   0  14   0   0   0   0   0   0   0   0  79   7   0   0]
 [  0   0   0   0   0   0   0   0   0   0   0   0  10  90   0   0]
 [  3   0   0   0   0   0   0   0   0   0   0   0   0   0  97   0]
 [ 24   0   0   0   0   0   0   0   0   0   0   0   0   0   0  76]]

PER-CLASS ACC:
['100.00%', '0.00%', '100.00%', '56.00%', '100.00%', '100.00%', '98.00%', '75.00%', '100.00%', '99.00%', '91.00%', '52.00%', '79.00%', '90.00%', '97.00%', '76.00%']

CLASS COUNTS:
[100, 100, 100, 100, 100, 100, 100, 100, 100, 100, 100, 100, 100, 100, 100, 100]

ACC FROM CM: 82.06%

SANITY permuted acc = 1.56% (should be ~6.25%)
