CONFUSION MATRIX:
[[100   0   0   0   0   0   0   0   0   0   0   0   0   0   0   0]
 [  0  85   0  10   0   0   0   0   0   1   0   0   0   4   0   0]
 [  0   0 100   0   0   0   0   0   0   0   0   0   0   0   0   0]
 [  0   2   0  41   0   0   0   0   0   0   0   0  57   0   0   0]
 [  0   0   0   0 100   0   0   0   0   0   0   0   0   0   0   0]
 [  0   0   0   0   0 100   0   0   0   0   0   0   0   0   0   0]
 [  0   0   0   0   0   0 100   0   0   0   0   0   0   0   0   0]
 [  0   0   0   0   0   0   0  93   7   0   0   0   0   0   0   0]
 [  0   0   0   0   0   0   0   0 100   0   0   0   0   0   0   0]
 [  0   0   0   0   0   0   0   0   0 100   0   0   0   0   0   0]
 [  0   0   0   0   0   0   0   0   0   0 100   0   0   0   0   0]
 [  0   0   0   0   0   0   0   0   0   0   0 100   0   0   0   0]
 [  0   0   0   1   0   0   0   0   0   0   0   0  99   0   0   0]
 [  0   0   0   0   0   0   0   0   0   0   0   0   0 100   0   0]
 [  0   0   0   0   0   0   0   0   0   0   0   0   0   0 100   0]
 [  0   0   0   0   0   0   0   0   0   0   0   0   0   0   0 100]]

PER-CLASS ACC:
['100.00%', '85.00%', '100.00%', '41.00%', '100.00%', '100.00%', '100.00%', '93.00%', '100.00%', '100.00%', '100.00%', '100.00%', '99.00%', '100.00%', '100.00%', '100.00%']

CLASS COUNTS:
[100, 100, 100, 100, 100, 100, 100, 100, 100, 100, 100, 100, 100, 100, 100, 100]

ACC FROM CM: 94.88%

SANITY permuted acc = 24.56% (should be ~6.25%)
