CONFUSION MATRIX:
[[100   0   0   0   0   0   0   0   0   0   0   0   0   0   0   0]
 [  0  43   0  46   0   0   0   0   0   0   0   0   4   7   0   0]
 [  0   0 100   0   0   0   0   0   0   0   0   0   0   0   0   0]
 [  0   2   0  61   0   0   0   0   0   0   0   0  36   1   0   0]
 [  0   0   0   0 100   0   0   0   0   0   0   0   0   0   0   0]
 [  0   0   0   0   0 100   0   0   0   0   0   0   0   0   0   0]
 [  0   0   0   0   0   0  99   0   0   0   0   1   0   0   0   0]
 [  0   0   0   0   0   0   0  59  41   0   0   0   0   0   0   0]
 [  0   0   0   0   0   0   0   0 100   0   0   0   0   0   0   0]
 [  0   0   0   0   1   0   1   0   0  98   0   0   0   0   0   0]
 [  0   0   0   0   0   0   0   2   0   0  98   0   0   0   0   0]
 [  0   0   0   0   0   0   0   0   0   0   0 100   0   0   0   0]
 [  0   0   0   5   0   0   0   0   0   0   0   0  94   1   0   0]
 [  0   0   0   2   0   0   0   0   0   0   0   0  15  83   0   0]
 [  2   0   0   0   0   0   0   0   0   0   0   0   0   0  98   0]
 [  0   0   0   0   0   0   0   0   0   0   0   0   0   0   0 100]]

PER-CLASS ACC:
['100.00%', '43.00%', '100.00%', '61.00%', '100.00%', '100.00%', '99.00%', '59.00%', '100.00%', '98.00%', '98.00%', '100.00%', '94.00%', '83.00%', '98.00%', '100.00%']

CLASS COUNTS:
[100, 100, 100, 100, 100, 100, 100, 100, 100, 100, 100, 100, 100, 100, 100, 100]

ACC FROM CM: 89.56%

SANITY permuted acc = 5.25% (should be ~6.25%)
