CONFUSION MATRIX:
[[100   0   0   0   0   0   0   0   0   0   0   0   0   0   0   0]
 [  0  12   0  77   0   0   0   0   0   0   0   0   9   2   0   0]
 [  0   0 100   0   0   0   0   0   0   0   0   0   0   0   0   0]
 [  0   0   0  40   0   0   0   0   0   0   0   0  60   0   0   0]
 [  0   0   0   0 100   0   0   0   0   0   0   0   0   0   0   0]
 [  0   0   0   0   0 100   0   0   0   0   0   0   0   0   0   0]
 [  0   0   0   0   0   0 100   0   0   0   0   0   0   0   0   0]
 [  0   0   0   0   0   0   0  88  12   0   0   0   0   0   0   0]
 [  0   0   0   0   0   0   0   0 100   0   0   0   0   0   0   0]
 [  0   0   0   0   0   0   0   0   0 100   0   0   0   0   0   0]
 [  0   0   0   0   0   0   0   3   0   0  97   0   0   0   0   0]
 [  0   0   0   0   0   0   4   0   0   0   0  96   0   0   0   0]
 [  0   0   0   3   0   0   0   0   0   0   0   0  96   1   0   0]
 [  0   0   0   0   0   0   0   0   0   0   0   0   5  95   0   0]
 [  0   0   0   0   0   0   0   0   0   0   0   0   0   0 100   0]
 [  0   0   0   0   0   0   0   0   0   0   0   0   0   0   0 100]]

PER-CLASS ACC:
['100.00%', '12.00%', '100.00%', '40.00%', '100.00%', '100.00%', '100.00%', '88.00%', '100.00%', '100.00%', '97.00%', '96.00%', '96.00%', '95.00%', '100.00%', '100.00%']

CLASS COUNTS:
[100, 100, 100, 100, 100, 100, 100, 100, 100, 100, 100, 100, 100, 100, 100, 100]

ACC FROM CM: 89.00%

SANITY permuted acc = 0.37% (should be ~6.25%)
