CONFUSION MATRIX:
[[100   0   0   0   0   0   0   0   0   0   0   0   0   0   0   0]
 [  0   0   0  33   0   0   0   0   0   0   0   0   5  62   0   0]
 [  0   0 100   0   0   0   0   0   0   0   0   0   0   0   0   0]
 [  0   0   0  41   0   0   0   0   0   0   0   0  57   2   0   0]
 [  0   0   0   0 100   0   0   0   0   0   0   0   0   0   0   0]
 [  0   0   0   0   0 100   0   0   0   0   0   0   0   0   0   0]
 [  0   0   0   3   0   0  97   0   0   0   0   0   0   0   0   0]
 [  0   0   0   0   0   0   0  61  39   0   0   0   0   0   0   0]
 [  0   0   0   0   0   0   0   0 100   0   0   0   0   0   0   0]
 [  0   0   0   0   2   0   0   0   0  98   0   0   0   0   0   0]
 [  0   0   0   0   0   0   0  10   0   0  90   0   0   0   0   0]
 [  0   0   0   3   0   0   0   0   0   0   0  97   0   0   0   0]
 [  0   0   0   0   0   0   0   0   0   0   0   0  97   3   0   0]
 [  0   0   0   0   0   0   0   0   0   0   0   0   3  97   0   0]
 [  4   0   0   0   0   0   0   0   0   0   0   0   0   0  96   0]
 [ 15   0   0   0   0   0   0   0   0   0   0   0   0   0   0  85]]

PER-CLASS ACC:
['100.00%', '0.00%', '100.00%', '41.00%', '100.00%', '100.00%', '97.00%', '61.00%', '100.00%', '98.00%', '90.00%', '97.00%', '97.00%', '97.00%', '96.00%', '85.00%']

CLASS COUNTS:
[100, 100, 100, 100, 100, 100, 100, 100, 100, 100, 100, 100, 100, 100, 100, 100]

ACC FROM CM: 84.94%

SANITY permuted acc = 2.44% (should be ~6.25%)
