CONFUSION MATRIX:
[[100   0   0   0   0   0   0   0   0   0   0   0   0   0   0   0]
 [  0  63   0  36   0   0   0   0   0   0   0   0   0   1   0   0]
 [  0   0 100   0   0   0   0   0   0   0   0   0   0   0   0   0]
 [  0   0   0  72   0   0   0   0   0   0   0   0  28   0   0   0]
 [  0   0   0   0 100   0   0   0   0   0   0   0   0   0   0   0]
 [  0   0   0   0   0 100   0   0   0   0   0   0   0   0   0   0]
 [  0   0   0   0   0   0 100   0   0   0   0   0   0   0   0   0]
 [  0   0   0   0   0   0   0  95   5   0   0   0   0   0   0   0]
 [  0   0   0   0   0   0   0   0 100   0   0   0   0   0   0   0]
 [  0   0   0   0   0   0   1   0   0  99   0   0   0   0   0   0]
 [  0   0   0   0   0   0   0   0   0   0 100   0   0   0   0   0]
 [  0   0   0   0   0   0   0   0   0   0   0 100   0   0   0   0]
 [  0   0   0   5   0   0   0   0   0   0   0   0  95   0   0   0]
 [  0   0   0   0   0   0   0   0   0   0   0   0   5  95   0   0]
 [  0   0   0   0   0   0   0   0   0   0   0   0   0   0 100   0]
 [  0   0   0   0   0   0   0   0   0   0   0   0   0   0   0 100]]

PER-CLASS ACC:
['100.00%', '63.00%', '100.00%', '72.00%', '100.00%', '100.00%', '100.00%', '95.00%', '100.00%', '99.00%', '100.00%', '100.00%', '95.00%', '95.00%', '100.00%', '100.00%']

CLASS COUNTS:
[100, 100, 100, 100, 100, 100, 100, 100, 100, 100, 100, 100, 100, 100, 100, 100]

ACC FROM CM: 94.94%

SANITY permuted acc = 24.69% (should be ~6.25%)
