CONFUSION MATRIX:
[[100   0   0   0   0   0   0   0   0   0   0   0   0   0   0   0]
 [  0  46   0  37   0   0   0   0   0   0   0   0   0  17   0   0]
 [  0   0 100   0   0   0   0   0   0   0   0   0   0   0   0   0]
 [  0   0   0  63   0   0   0   0   0   0   0   0  37   0   0   0]
 [  0   0   0   0 100   0   0   0   0   0   0   0   0   0   0   0]
 [  0   0   0   0   0 100   0   0   0   0   0   0   0   0   0   0]
 [  0   0   0   0   0   0  99   0   0   0   0   1   0   0   0   0]
 [  0   0   0   0   0   0   0  91   9   0   0   0   0   0   0   0]
 [  0   0   0   0   0   0   0   0 100   0   0   0   0   0   0   0]
 [  0   0   0   0   0   0   0   0   0 100   0   0   0   0   0   0]
 [  0   0   0   0   0   0   0   1   0   0  99   0   0   0   0   0]
 [  0   0   0   1   0   0   0   0   0   0   0  99   0   0   0   0]
 [  0   0   0   3   0   0   0   0   0   0   0   0  97   0   0   0]
 [  0   0   0   0   0   0   0   0   0   0   0   0   0 100   0   0]
 [  0   0   0   0   0   0   0   0   0   0   0   0   0   0 100   0]
 [  1   0   0   0   0   0   0   0   0   0   0   0   0   0   0  99]]

PER-CLASS ACC:
['100.00%', '46.00%', '100.00%', '63.00%', '100.00%', '100.00%', '99.00%', '91.00%', '100.00%', '100.00%', '99.00%', '99.00%', '97.00%', '100.00%', '100.00%', '99.00%']

CLASS COUNTS:
[100, 100, 100, 100, 100, 100, 100, 100, 100, 100, 100, 100, 100, 100, 100, 100]

ACC FROM CM: 93.31%

SANITY permuted acc = 14.75% (should be ~6.25%)
