CONFUSION MATRIX:
[[100   0   0   0   0   0   0   0   0   0   0   0   0   0   0   0]
 [  0  14   0  50   0   0   0   0   0   0   0   0   2  34   0   0]
 [  0   0 100   0   0   0   0   0   0   0   0   0   0   0   0   0]
 [  0   0   0  51   0   0   0   0   0   0   0   0  49   0   0   0]
 [  0   0   0   0 100   0   0   0   0   0   0   0   0   0   0   0]
 [  0   0   0   0   0 100   0   0   0   0   0   0   0   0   0   0]
 [  0   0   0   0   0   0 100   0   0   0   0   0   0   0   0   0]
 [  0   0   0   0   0   0   0  73  27   0   0   0   0   0   0   0]
 [  0   0   0   0   0   0   0   0 100   0   0   0   0   0   0   0]
 [  0   0   0   0   1   0   0   0   0  99   0   0   0   0   0   0]
 [  0   0   0   0   0   0   0   3   0   0  97   0   0   0   0   0]
 [  0   0   0   1   0   0   1   0   0   0   0  98   0   0   0   0]
 [  0   0   0   1   0   0   0   0   0   0   0   0  99   0   0   0]
 [  0   0   0   0   0   0   0   0   0   0   0   0  18  82   0   0]
 [  2   0   0   0   0   0   0   0   0   0   0   0   0   0  98   0]
 [  1   0   0   0   0   0   0   0   0   0   0   0   0   0   0  99]]

PER-CLASS ACC:
['100.00%', '14.00%', '100.00%', '51.00%', '100.00%', '100.00%', '100.00%', '73.00%', '100.00%', '99.00%', '97.00%', '98.00%', '99.00%', '82.00%', '98.00%', '99.00%']

CLASS COUNTS:
[100, 100, 100, 100, 100, 100, 100, 100, 100, 100, 100, 100, 100, 100, 100, 100]

ACC FROM CM: 88.12%

SANITY permuted acc = 2.56% (should be ~6.25%)
