CONFUSION MATRIX:
[[100   0   0   0   0   0   0   0   0   0   0   0   0   0   0   0]
 [  0   8   0  66   0   0   0   0   0   0   0   0   9  17   0   0]
 [  0   0 100   0   0   0   0   0   0   0   0   0   0   0   0   0]
 [  0   0   0  65   0   0   0   0   0   0   0   0  35   0   0   0]
 [  0   0   0   0 100   0   0   0   0   0   0   0   0   0   0   0]
 [  0   0   0   0   0 100   0   0   0   0   0   0   0   0   0   0]
 [  0   0   0   0   0   0 100   0   0   0   0   0   0   0   0   0]
 [  0   0   0   0   0   0   0  57  43   0   0   0   0   0   0   0]
 [  0   0   0   0   0   0   0   0 100   0   0   0   0   0   0   0]
 [  0   0   0   0   0   0   0   0   0 100   0   0   0   0   0   0]
 [  0   0   0   0   0   0   0   2   0   0  98   0   0   0   0   0]
 [  0   0   0   0   0   0   1   0   0   0   0  99   0   0   0   0]
 [  0   0   0   9   0   0   0   0   0   0   0   0  91   0   0   0]
 [  0   0   0   0   0   0   0   0   0   0   0   0  14  86   0   0]
 [  0   0   0   0   0   0   0   0   0   0   0   0   0   0 100   0]
 [  0   0   0   0   0   0   0   0   0   0   0   0   0   0   0 100]]

PER-CLASS ACC:
['100.00%', '8.00%', '100.00%', '65.00%', '100.00%', '100.00%', '100.00%', '57.00%', '100.00%', '100.00%', '98.00%', '99.00%', '91.00%', '86.00%', '100.00%', '100.00%']

CLASS COUNTS:
[100, 100, 100, 100, 100, 100, 100, 100, 100, 100, 100, 100, 100, 100, 100, 100]

ACC FROM CM: 87.75%

SANITY permuted acc = 3.19% (should be ~6.25%)
