CONFUSION MATRIX:
[[100   0   0   0   0   0   0   0   0   0   0   0   0   0   0   0]
 [  0   0   0  50   0   0   0   0   0   0   0   0  11  39   0   0]
 [  0   0 100   0   0   0   0   0   0   0   0   0   0   0   0   0]
 [  0   0   0  57   0   0   0   0   0   0   0   0  43   0   0   0]
 [  0   0   0   0 100   0   0   0   0   0   0   0   0   0   0   0]
 [  0   0   0   0   0 100   0   0   0   0   0   0   0   0   0   0]
 [  0   0   0  19   0   0  80   0   0   0   0   0   1   0   0   0]
 [  0   0   0   0   0   0   0  56  44   0   0   0   0   0   0   0]
 [  0   0   0   0   0   0   0   0 100   0   0   0   0   0   0   0]
 [  0   0   0   1   1   0   0   0   0  98   0   0   0   0   0   0]
 [  0   0   0   0   0   0   0   8   0   0  92   0   0   0   0   0]
 [  0   0   0  22   0   0   2   0   0   0   0  76   0   0   0   0]
 [  0   0   0  10   0   0   0   0   0   0   0   0  90   0   0   0]
 [  0   0   0   0   0   0   0   0   0   0   0   0  10  90   0   0]
 [  3   0   0   0   0   0   0   0   0   0   0   0   0   0  97   0]
 [ 15   0   0   0   0   0   0   0   0   0   0   0   0   0   0  85]]

PER-CLASS ACC:
['100.00%', '0.00%', '100.00%', '57.00%', '100.00%', '100.00%', '80.00%', '56.00%', '100.00%', '98.00%', '92.00%', '76.00%', '90.00%', '90.00%', '97.00%', '85.00%']

CLASS COUNTS:
[100, 100, 100, 100, 100, 100, 100, 100, 100, 100, 100, 100, 100, 100, 100, 100]

ACC FROM CM: 82.56%

SANITY permuted acc = 2.75% (should be ~6.25%)
