CONFUSION MATRIX:
[[100   0   0   0   0   0   0   0   0   0   0   0   0   0   0   0]
 [  0  62   0  37   0   0   0   0   0   0   0   0   0   1   0   0]
 [  0   0 100   0   0   0   0   0   0   0   0   0   0   0   0   0]
 [  0   0   0  86   0   0   0   0   0   0   0   0  14   0   0   0]
 [  0   0   0   0 100   0   0   0   0   0   0   0   0   0   0   0]
 [  0   0   0   0   0 100   0   0   0   0   0   0   0   0   0   0]
 [  0   0   0   0   0   0 100   0   0   0   0   0   0   0   0   0]
 [  0   0   0   0   0   0   0  96   4   0   0   0   0   0   0   0]
 [  0   0   0   0   0   0   0   0 100   0   0   0   0   0   0   0]
 [  0   0   0   0   0   0   0   0   0 100   0   0   0   0   0   0]
 [  0   0   0   0   0   0   0   1   0   0  99   0   0   0   0   0]
 [  0   0   0   0   0   0   0   0   0   0   0 100   0   0   0   0]
 [  0   0   0   6   0   0   0   0   0   0   0   0  94   0   0   0]
 [  0   0   0   0   0   0   0   0   0   0   0   0   4  96   0   0]
 [  0   0   0   0   0   0   0   0   0   0   0   0   0   0 100   0]
 [  2   0   0   0   0   0   0   0   0   0   0   0   0   0   0  98]]

PER-CLASS ACC:
['100.00%', '62.00%', '100.00%', '86.00%', '100.00%', '100.00%', '100.00%', '96.00%', '100.00%', '100.00%', '99.00%', '100.00%', '94.00%', '96.00%', '100.00%', '98.00%']

CLASS COUNTS:
[100, 100, 100, 100, 100, 100, 100, 100, 100, 100, 100, 100, 100, 100, 100, 100]

ACC FROM CM: 95.69%

SANITY permuted acc = 0.00% (should be ~6.25%)
