CONFUSION MATRIX:
[[100   0   0   0   0   0   0   0   0   0   0   0   0   0   0   0]
 [  0  40   0  60   0   0   0   0   0   0   0   0   0   0   0   0]
 [  0   0 100   0   0   0   0   0   0   0   0   0   0   0   0   0]
 [  0   0   0  71   0   0   0   0   0   0   0   0  29   0   0   0]
 [  0   0   0   0 100   0   0   0   0   0   0   0   0   0   0   0]
 [  0   0   0   0   0 100   0   0   0   0   0   0   0   0   0   0]
 [  0   0   0   0   0   0 100   0   0   0   0   0   0   0   0   0]
 [  0   0   0   0   0   0   0  77  23   0   0   0   0   0   0   0]
 [  0   0   0   0   0   0   0   0 100   0   0   0   0   0   0   0]
 [  0   0   0   0   0   0   5   0   0  95   0   0   0   0   0   0]
 [  0   0   0   0   0   0   0   3   0   0  97   0   0   0   0   0]
 [  0   0   0   0   0   0   1   0   0   0   0  99   0   0   0   0]
 [  0   0   0   5   0   0   0   0   0   0   0   0  95   0   0   0]
 [  0   0   0   3   0   0   0   0   0   0   0   0  55  42   0   0]
 [  0   0   0   0   0   0   0   0   0   0   0   0   0   0 100   0]
 [  2   0   0   0   0   0   0   0   0   0   0   0   0   0   0  98]]

PER-CLASS ACC:
['100.00%', '40.00%', '100.00%', '71.00%', '100.00%', '100.00%', '100.00%', '77.00%', '100.00%', '95.00%', '97.00%', '99.00%', '95.00%', '42.00%', '100.00%', '98.00%']

CLASS COUNTS:
[100, 100, 100, 100, 100, 100, 100, 100, 100, 100, 100, 100, 100, 100, 100, 100]

ACC FROM CM: 88.38%

SANITY permuted acc = 23.44% (should be ~6.25%)
