CONFUSION MATRIX:
[[100   0   0   0   0   0   0   0   0   0   0   0   0   0   0   0]
 [  0   0   0  36   0   0   0   0   0   0   0   0  11  53   0   0]
 [  0   0 100   0   0   0   0   0   0   0   0   0   0   0   0   0]
 [  0   0   0  55   0   0   0   0   0   0   0   0  44   1   0   0]
 [  0   0   0   0 100   0   0   0   0   0   0   0   0   0   0   0]
 [  0   0   0   0   0 100   0   0   0   0   0   0   0   0   0   0]
 [  0   0   0  21   0   0  79   0   0   0   0   0   0   0   0   0]
 [  0   0   0   0   0   0   0  58  42   0   0   0   0   0   0   0]
 [  0   0   0   0   0   0   0   0 100   0   0   0   0   0   0   0]
 [  0   0   0   1   2   0   0   0   0  97   0   0   0   0   0   0]
 [  0   0   0   0   0   0   0   9   0   0  91   0   0   0   0   0]
 [  0   0   0  26   0   0   2   0   0   0   0  72   0   0   0   0]
 [  0   0   0  11   0   0   0   0   0   0   0   0  87   2   0   0]
 [  0   0   0   0   0   0   0   0   0   0   0   0   6  94   0   0]
 [  3   0   0   0   0   0   0   0   0   0   0   0   0   0  97   0]
 [ 31   0   0   0   0   0   0   0   0   0   0   0   0   0   0  69]]

PER-CLASS ACC:
['100.00%', '0.00%', '100.00%', '55.00%', '100.00%', '100.00%', '79.00%', '58.00%', '100.00%', '97.00%', '91.00%', '72.00%', '87.00%', '94.00%', '97.00%', '69.00%']

CLASS COUNTS:
[100, 100, 100, 100, 100, 100, 100, 100, 100, 100, 100, 100, 100, 100, 100, 100]

ACC FROM CM: 81.19%

SANITY permuted acc = 2.62% (should be ~6.25%)
