CONFUSION MATRIX:
[[100   0   0   0   0   0   0   0   0   0   0   0   0   0   0   0]
 [  0   0   0  50   0   0   0   0   0   0   0   0  11  39   0   0]
 [  0   0  99   0   0   0   0   1   0   0   0   0   0   0   0   0]
 [  0   0   0  56   0   0   0   0   0   0   0   0  44   0   0   0]
 [  0   0   0   0 100   0   0   0   0   0   0   0   0   0   0   0]
 [  0   0   0   0   0 100   0   0   0   0   0   0   0   0   0   0]
 [  0   0   0  15   0   0  85   0   0   0   0   0   0   0   0   0]
 [  0   0   0   0   0   0   0  42  58   0   0   0   0   0   0   0]
 [  0   0   0   0   0   0   0   0 100   0   0   0   0   0   0   0]
 [  0   0   0   1   0   0   0   0   0  99   0   0   0   0   0   0]
 [  0   0   0   0   0   0   0  10   0   0  90   0   0   0   0   0]
 [  0   0   0  10   0   0   2   0   0   0   0  88   0   0   0   0]
 [  0   0   0  10   0   0   0   0   0   0   0   0  89   1   0   0]
 [  0   0   0   0   0   0   0   0   0   0   0   0   7  93   0   0]
 [  1   0   0   0   0   0   0   0   0   0   0   0   0   0  99   0]
 [ 34   0   0   0   0   0   0   0   0   0   0   0   0   0   0  66]]

PER-CLASS ACC:
['100.00%', '0.00%', '99.00%', '56.00%', '100.00%', '100.00%', '85.00%', '42.00%', '100.00%', '99.00%', '90.00%', '88.00%', '89.00%', '93.00%', '99.00%', '66.00%']

CLASS COUNTS:
[100, 100, 100, 100, 100, 100, 100, 100, 100, 100, 100, 100, 100, 100, 100, 100]

ACC FROM CM: 81.62%

SANITY permuted acc = 3.62% (should be ~6.25%)
