CONFUSION MATRIX:
[[100   0   0   0   0   0   0   0   0   0   0   0   0   0   0   0]
 [  0   0   0  35   0   0   0   0   0   0   0   0   9  56   0   0]
 [  0   0 100   0   0   0   0   0   0   0   0   0   0   0   0   0]
 [  0   0   0  42   0   0   0   0   0   0   0   0  57   1   0   0]
 [  0   0   0   0 100   0   0   0   0   0   0   0   0   0   0   0]
 [  0   0   0   0   0 100   0   0   0   0   0   0   0   0   0   0]
 [  0   0   0  11   0   0  84   0   0   0   0   5   0   0   0   0]
 [  0   0   0   0   0   0   0  59  41   0   0   0   0   0   0   0]
 [  0   0   0   0   0   0   0   0 100   0   0   0   0   0   0   0]
 [  0   0   0   0   0   0   0   0   0 100   0   0   0   0   0   0]
 [  0   0   0   0   0   0   0   7   0   0  93   0   0   0   0   0]
 [  0   0   0   1   0   0   0   0   0   0   0  99   0   0   0   0]
 [  0   0   0   0   0   0   0   0   0   0   0   0 100   0   0   0]
 [  0   0   0   0   0   0   0   0   0   0   0   0  11  89   0   0]
 [  1   0   0   0   0   0   0   0   0   0   0   0   0   0  99   0]
 [ 18   0   0   0   0   0   0   0   0   0   0   0   0   0   0  82]]

PER-CLASS ACC:
['100.00%', '0.00%', '100.00%', '42.00%', '100.00%', '100.00%', '84.00%', '59.00%', '100.00%', '100.00%', '93.00%', '99.00%', '100.00%', '89.00%', '99.00%', '82.00%']

CLASS COUNTS:
[100, 100, 100, 100, 100, 100, 100, 100, 100, 100, 100, 100, 100, 100, 100, 100]

ACC FROM CM: 84.19%

SANITY permuted acc = 2.56% (should be ~6.25%)
