CONFUSION MATRIX:
[[100   0   0   0   0   0   0   0   0   0   0   0   0   0   0   0]
 [  0  60   0  40   0   0   0   0   0   0   0   0   0   0   0   0]
 [  0   0 100   0   0   0   0   0   0   0   0   0   0   0   0   0]
 [  0   0   0  79   0   0   0   0   0   0   0   0  21   0   0   0]
 [  0   0   0   0 100   0   0   0   0   0   0   0   0   0   0   0]
 [  0   0   0   0   0 100   0   0   0   0   0   0   0   0   0   0]
 [  0   0   0   0   0   0 100   0   0   0   0   0   0   0   0   0]
 [  0   0   0   0   0   0   0  87  13   0   0   0   0   0   0   0]
 [  0   0   0   0   0   0   0   0 100   0   0   0   0   0   0   0]
 [  0   0   0   0   0   0   0   0   0 100   0   0   0   0   0   0]
 [  0   0   0   0   0   0   0   1   0   0  99   0   0   0   0   0]
 [  0   0   0   0   0   0   1   0   0   0   0  99   0   0   0   0]
 [  0   0   0  24   0   0   0   0   0   0   0   0  74   2   0   0]
 [  0   0   0   0   0   0   0   0   0   0   0   0   4  96   0   0]
 [  0   0   0   0   0   0   0   0   0   0   0   0   0   0 100   0]
 [  3   0   0   0   0   0   0   0   0   0   0   0   0   0   0  97]]

PER-CLASS ACC:
['100.00%', '60.00%', '100.00%', '79.00%', '100.00%', '100.00%', '100.00%', '87.00%', '100.00%', '100.00%', '99.00%', '99.00%', '74.00%', '96.00%', '100.00%', '97.00%']

CLASS COUNTS:
[100, 100, 100, 100, 100, 100, 100, 100, 100, 100, 100, 100, 100, 100, 100, 100]

ACC FROM CM: 93.19%

SANITY permuted acc = 6.25% (should be ~6.25%)
