CONFUSION MATRIX:
[[100   0   0   0   0   0   0   0   0   0   0   0   0   0   0   0]
 [  0  36   0  26   0   0   0   0   0   0   0   0  10  28   0   0]
 [  0   0 100   0   0   0   0   0   0   0   0   0   0   0   0   0]
 [  0   0   0  45   0   0   0   0   0   0   0   0  54   1   0   0]
 [  0   0   0   0 100   0   0   0   0   0   0   0   0   0   0   0]
 [  0   0   0   0   0 100   0   0   0   0   0   0   0   0   0   0]
 [  0   0   0   0   0   0 100   0   0   0   0   0   0   0   0   0]
 [  0   0   0   0   0   0   0  60  39   0   0   0   0   0   1   0]
 [  0   0   0   0   0   0   0   0 100   0   0   0   0   0   0   0]
 [  0   0   0   0   1   0   0   0   0  99   0   0   0   0   0   0]
 [  0   0   0   0   0   0   0   2   0   0  98   0   0   0   0   0]
 [  0   0   0   0   0   0   3   0   0   0   0  97   0   0   0   0]
 [  0   0   0   1   0   0   0   0   0   0   0   0  97   2   0   0]
 [  0   0   0   0   0   0   0   0   0   0   0   0   6  94   0   0]
 [  2   0   0   0   0   0   0   0   0   0   0   0   0   0  98   0]
 [  0   0   0   0   0   0   0   0   0   0   0   0   0   0   0 100]]

PER-CLASS ACC:
['100.00%', '36.00%', '100.00%', '45.00%', '100.00%', '100.00%', '100.00%', '60.00%', '100.00%', '99.00%', '98.00%', '97.00%', '97.00%', '94.00%', '98.00%', '100.00%']

CLASS COUNTS:
[100, 100, 100, 100, 100, 100, 100, 100, 100, 100, 100, 100, 100, 100, 100, 100]

ACC FROM CM: 89.00%

SANITY permuted acc = 4.69% (should be ~6.25%)
