CONFUSION MATRIX:
[[100   0   0   0   0   0   0   0   0   0   0   0   0   0   0   0]
 [  0  31   0  38   0   0   0   0   0   0   0   0   1  30   0   0]
 [  0   0 100   0   0   0   0   0   0   0   0   0   0   0   0   0]
 [  0   2   0  71   0   0   0   0   0   0   0   0  27   0   0   0]
 [  0   0   0   0 100   0   0   0   0   0   0   0   0   0   0   0]
 [  0   0   0   0   0 100   0   0   0   0   0   0   0   0   0   0]
 [  0   0   0   1   0   0  99   0   0   0   0   0   0   0   0   0]
 [  0   0   0   0   0   0   0  69  30   0   0   0   0   0   1   0]
 [  0   0   0   0   0   0   0   0 100   0   0   0   0   0   0   0]
 [  0   0   0   0   7   0   0   0   0  93   0   0   0   0   0   0]
 [  0   0   0   0   0   0   0   1   0   0  99   0   0   0   0   0]
 [  0   0   0   2   0   0   4   0   0   0   0  94   0   0   0   0]
 [  0   0   0  24   0   0   0   0   0   0   0   0  74   2   0   0]
 [  0   0   0   0   0   0   0   0   0   0   0   0   0 100   0   0]
 [  2   0   0   0   0   0   0   0   0   0   0   0   0   0  98   0]
 [  0   0   0   0   0   0   0   0   0   0   0   0   0   0   0 100]]

PER-CLASS ACC:
['100.00%', '31.00%', '100.00%', '71.00%', '100.00%', '100.00%', '99.00%', '69.00%', '100.00%', '93.00%', '99.00%', '94.00%', '74.00%', '100.00%', '98.00%', '100.00%']

CLASS COUNTS:
[100, 100, 100, 100, 100, 100, 100, 100, 100, 100, 100, 100, 100, 100, 100, 100]

ACC FROM CM: 89.25%

SANITY permuted acc = 3.81% (should be ~6.25%)
