CONFUSION MATRIX:
[[100   0   0   0   0   0   0   0   0   0   0   0   0   0   0   0]
 [  0  17   0  59   0   0   0   0   0   0   0   0   9  15   0   0]
 [  0   0 100   0   0   0   0   0   0   0   0   0   0   0   0   0]
 [  0   0   0  55   0   0   0   0   0   0   0   0  44   1   0   0]
 [  0   0   0   0 100   0   0   0   0   0   0   0   0   0   0   0]
 [  0   0   0   0   0 100   0   0   0   0   0   0   0   0   0   0]
 [  0   0   0   0   0   0  99   0   0   0   0   1   0   0   0   0]
 [  0   0   0   0   0   0   0  50  50   0   0   0   0   0   0   0]
 [  0   0   0   0   0   0   0   0 100   0   0   0   0   0   0   0]
 [  0   0   0   0   0   0   0   0   0 100   0   0   0   0   0   0]
 [  0   0   0   0   0   0   0   4   0   0  96   0   0   0   0   0]
 [  0   0   0   0   0   0   0   0   0   0   0 100   0   0   0   0]
 [  0   0   0   2   0   0   0   0   0   0   0   0  98   0   0   0]
 [  0   0   0   1   0   0   0   0   0   0   0   0   8  91   0   0]
 [  0   0   0   0   0   0   0   0   0   0   0   0   0   0 100   0]
 [  3   0   0   0   0   0   0   0   0   0   0   0   0   0   0  97]]

PER-CLASS ACC:
['100.00%', '17.00%', '100.00%', '55.00%', '100.00%', '100.00%', '99.00%', '50.00%', '100.00%', '100.00%', '96.00%', '100.00%', '98.00%', '91.00%', '100.00%', '97.00%']

CLASS COUNTS:
[100, 100, 100, 100, 100, 100, 100, 100, 100, 100, 100, 100, 100, 100, 100, 100]

ACC FROM CM: 87.69%

SANITY permuted acc = 4.19% (should be ~6.25%)
