CONFUSION MATRIX:
[[100   0   0   0   0   0   0   0   0   0   0   0   0   0   0   0]
 [  0  65   0  24   0   0   0   0   0   0   0   0   5   6   0   0]
 [  0   0 100   0   0   0   0   0   0   0   0   0   0   0   0   0]
 [  0   0   0  53   0   0   0   0   0   0   0   0  47   0   0   0]
 [  0   0   0   0 100   0   0   0   0   0   0   0   0   0   0   0]
 [  0   0   0   0   0 100   0   0   0   0   0   0   0   0   0   0]
 [  0   0   0   0   0   0  99   0   0   0   0   1   0   0   0   0]
 [  0   0   0   0   0   0   0  77  23   0   0   0   0   0   0   0]
 [  0   0   0   0   0   0   0   0 100   0   0   0   0   0   0   0]
 [  0   0   0   0   0   0   0   0   0 100   0   0   0   0   0   0]
 [  0   0   0   0   0   0   0   3   0   0  97   0   0   0   0   0]
 [  0   0   0   0   0   0   1   0   0   0   0  99   0   0   0   0]
 [  0   0   0   8   0   0   0   0   0   0   0   0  92   0   0   0]
 [  0   0   0   0   0   0   0   0   0   0   0   0   9  91   0   0]
 [  0   0   0   0   0   0   0   0   0   0   0   0   0   0 100   0]
 [  4   0   0   0   0   0   0   0   0   0   0   0   0   0   0  96]]

PER-CLASS ACC:
['100.00%', '65.00%', '100.00%', '53.00%', '100.00%', '100.00%', '99.00%', '77.00%', '100.00%', '100.00%', '97.00%', '99.00%', '92.00%', '91.00%', '100.00%', '96.00%']

CLASS COUNTS:
[100, 100, 100, 100, 100, 100, 100, 100, 100, 100, 100, 100, 100, 100, 100, 100]

ACC FROM CM: 91.81%

SANITY permuted acc = 15.13% (should be ~6.25%)
