CONFUSION MATRIX:
[[100   0   0   0   0   0   0   0   0   0   0   0   0   0   0   0]
 [  0  39   0  46   0   0   0   0   0   0   0   0   0  15   0   0]
 [  0   0 100   0   0   0   0   0   0   0   0   0   0   0   0   0]
 [  0   0   0  87   0   0   0   0   0   0   0   0  12   1   0   0]
 [  0   0   0   0 100   0   0   0   0   0   0   0   0   0   0   0]
 [  0   0   0   0   0 100   0   0   0   0   0   0   0   0   0   0]
 [  0   0   0   1   0   0  98   0   0   0   0   1   0   0   0   0]
 [  0   0   0   0   0   0   0  91   9   0   0   0   0   0   0   0]
 [  0   0   0   0   0   0   0   0 100   0   0   0   0   0   0   0]
 [  0   0   0   0   0   0   0   0   0 100   0   0   0   0   0   0]
 [  0   0   0   0   0   0   0   2   0   0  98   0   0   0   0   0]
 [  0   0   0   0   0   0   0   0   0   0   0 100   0   0   0   0]
 [  0   0   0  10   0   0   0   0   0   0   0   0  87   3   0   0]
 [  0   0   0   0   0   0   0   0   0   0   0   0   0 100   0   0]
 [  0   0   0   0   0   0   0   0   0   0   0   0   0   0 100   0]
 [  3   0   0   0   0   0   0   0   0   0   0   0   0   0   0  97]]

PER-CLASS ACC:
['100.00%', '39.00%', '100.00%', '87.00%', '100.00%', '100.00%', '98.00%', '91.00%', '100.00%', '100.00%', '98.00%', '100.00%', '87.00%', '100.00%', '100.00%', '97.00%']

CLASS COUNTS:
[100, 100, 100, 100, 100, 100, 100, 100, 100, 100, 100, 100, 100, 100, 100, 100]

ACC FROM CM: 93.56%

SANITY permuted acc = 12.50% (should be ~6.25%)
