CONFUSION MATRIX:
[[100   0   0   0   0   0   0   0   0   0   0   0   0   0   0   0]
 [  0  82   0  17   0   0   0   0   0   0   0   0   1   0   0   0]
 [  0   0 100   0   0   0   0   0   0   0   0   0   0   0   0   0]
 [  0   0   0  55   0   0   0   0   0   0   0   0  45   0   0   0]
 [  0   0   0   0 100   0   0   0   0   0   0   0   0   0   0   0]
 [  0   0   0   0   0 100   0   0   0   0   0   0   0   0   0   0]
 [  0   0   0   0   0   0 100   0   0   0   0   0   0   0   0   0]
 [  0   0   0   0   0   0   0  96   4   0   0   0   0   0   0   0]
 [  0   0   0   0   0   0   0   0 100   0   0   0   0   0   0   0]
 [  0   0   0   0   0   0   0   0   0 100   0   0   0   0   0   0]
 [  0   0   0   0   0   0   0   1   0   0  99   0   0   0   0   0]
 [  0   0   0   0   0   0   0   0   0   0   0 100   0   0   0   0]
 [  0   0   0   0   0   0   0   0   0   0   0   0 100   0   0   0]
 [  0   0   0   0   0   0   0   0   0   0   0   0   4  96   0   0]
 [  0   0   0   0   0   0   0   0   0   0   0   0   0   0 100   0]
 [  1   0   0   0   0   0   0   0   0   0   0   0   0   0   0  99]]

PER-CLASS ACC:
['100.00%', '82.00%', '100.00%', '55.00%', '100.00%', '100.00%', '100.00%', '96.00%', '100.00%', '100.00%', '99.00%', '100.00%', '100.00%', '96.00%', '100.00%', '99.00%']

CLASS COUNTS:
[100, 100, 100, 100, 100, 100, 100, 100, 100, 100, 100, 100, 100, 100, 100, 100]

ACC FROM CM: 95.44%

SANITY permuted acc = 0.00% (should be ~6.25%)
