CONFUSION MATRIX:
[[100   0   0   0   0   0   0   0   0   0   0   0   0   0   0   0]
 [  0   1   0  50   0   0   0   0   0   0   0   0   2  47   0   0]
 [  0   0 100   0   0   0   0   0   0   0   0   0   0   0   0   0]
 [  0   0   0  67   0   0   0   0   0   0   0   0  32   1   0   0]
 [  0   0   0   0 100   0   0   0   0   0   0   0   0   0   0   0]
 [  0   0   0   0   0 100   0   0   0   0   0   0   0   0   0   0]
 [  0   0   0   3   0   0  86   0   0   0   0  11   0   0   0   0]
 [  0   0   0   0   0   0   0  46  54   0   0   0   0   0   0   0]
 [  0   0   0   0   0   0   0   0 100   0   0   0   0   0   0   0]
 [  0   0   0   0   0   0   0   0   0 100   0   0   0   0   0   0]
 [  0   0   0   0   0   0   0   5   0   0  95   0   0   0   0   0]
 [  0   0   0   1   0   0   0   0   0   0   0  99   0   0   0   0]
 [  0   0   0   3   0   0   0   0   0   0   0   0  96   1   0   0]
 [  0   0   0   0   0   0   0   0   0   0   0   0   6  94   0   0]
 [  4   0   0   0   0   0   0   0   0   0   0   0   0   0  96   0]
 [ 12   0   0   0   0   0   0   0   0   0   0   0   0   0   0  88]]

PER-CLASS ACC:
['100.00%', '1.00%', '100.00%', '67.00%', '100.00%', '100.00%', '86.00%', '46.00%', '100.00%', '100.00%', '95.00%', '99.00%', '96.00%', '94.00%', '96.00%', '88.00%']

CLASS COUNTS:
[100, 100, 100, 100, 100, 100, 100, 100, 100, 100, 100, 100, 100, 100, 100, 100]

ACC FROM CM: 85.50%

SANITY permuted acc = 3.44% (should be ~6.25%)
