CONFUSION MATRIX:
[[100   0   0   0   0   0   0   0   0   0   0   0   0   0   0   0]
 [  0  30   0  55   0   0   0   0   0   0   0   0   0  15   0   0]
 [  0   0 100   0   0   0   0   0   0   0   0   0   0   0   0   0]
 [  0   0   0  76   0   0   0   0   0   0   0   0  24   0   0   0]
 [  0   0   0   0 100   0   0   0   0   0   0   0   0   0   0   0]
 [  0   0   0   0   0 100   0   0   0   0   0   0   0   0   0   0]
 [  0   0   0   0   0   0 100   0   0   0   0   0   0   0   0   0]
 [  0   0   0   0   0   0   0  90  10   0   0   0   0   0   0   0]
 [  0   0   0   0   0   0   0   0 100   0   0   0   0   0   0   0]
 [  0   0   0   0   0   0   1   0   0  99   0   0   0   0   0   0]
 [  0   0   0   0   0   0   0   1   0   0  99   0   0   0   0   0]
 [  0   0   0   0   0   0   1   0   0   0   0  99   0   0   0   0]
 [  0   0   0   7   0   0   0   0   0   0   0   0  93   0   0   0]
 [  0   0   0   0   0   0   0   0   0   0   0   0   3  97   0   0]
 [  0   0   0   0   0   0   0   0   0   0   0   0   0   0 100   0]
 [  7   0   0   0   0   0   0   0   0   0   0   0   0   0   0  93]]

PER-CLASS ACC:
['100.00%', '30.00%', '100.00%', '76.00%', '100.00%', '100.00%', '100.00%', '90.00%', '100.00%', '99.00%', '99.00%', '99.00%', '93.00%', '97.00%', '100.00%', '93.00%']

CLASS COUNTS:
[100, 100, 100, 100, 100, 100, 100, 100, 100, 100, 100, 100, 100, 100, 100, 100]

ACC FROM CM: 92.25%

SANITY permuted acc = 12.50% (should be ~6.25%)
