CONFUSION MATRIX:
[[100   0   0   0   0   0   0   0   0   0   0   0   0   0   0   0]
 [  0   0   0  74   0   0   0   0   0   0   0   0   2  24   0   0]
 [  0   0 100   0   0   0   0   0   0   0   0   0   0   0   0   0]
 [  0   0   0  75   0   0   0   0   0   0   0   0  24   1   0   0]
 [  0   0   0   0 100   0   0   0   0   0   0   0   0   0   0   0]
 [  0   0   0   0   0 100   0   0   0   0   0   0   0   0   0   0]
 [  0   0   0  27   0   0  69   0   0   0   0   2   2   0   0   0]
 [  0   0   0   0   0   0   0  56  44   0   0   0   0   0   0   0]
 [  0   0   0   0   0   0   0   0 100   0   0   0   0   0   0   0]
 [  0   0   0   1   0   0   0   0   0  99   0   0   0   0   0   0]
 [  0   0   0   0   0   0   0   6   0   0  94   0   0   0   0   0]
 [  0   0   0  16   0   0   1   0   0   0   0  83   0   0   0   0]
 [  0   0   0  25   0   0   0   0   0   0   0   0  73   2   0   0]
 [  0   0   0   1   0   0   0   0   0   0   0   0   3  96   0   0]
 [  2   0   0   0   0   0   0   0   0   0   0   0   0   0  98   0]
 [  3   0   0   0   0   0   0   0   0   0   0   0   0   0   0  97]]

PER-CLASS ACC:
['100.00%', '0.00%', '100.00%', '75.00%', '100.00%', '100.00%', '69.00%', '56.00%', '100.00%', '99.00%', '94.00%', '83.00%', '73.00%', '96.00%', '98.00%', '97.00%']

CLASS COUNTS:
[100, 100, 100, 100, 100, 100, 100, 100, 100, 100, 100, 100, 100, 100, 100, 100]

ACC FROM CM: 83.75%

SANITY permuted acc = 2.75% (should be ~6.25%)
