CONFUSION MATRIX:
[[100   0   0   0   0   0   0   0   0   0   0   0   0   0   0   0]
 [  0  67   0  21   0   0   0   0   0   0   0   0   1  11   0   0]
 [  0   0  99   0   0   0   0   1   0   0   0   0   0   0   0   0]
 [  0   2   0  55   0   0   0   0   0   0   0   0  42   1   0   0]
 [  0   0   0   0 100   0   0   0   0   0   0   0   0   0   0   0]
 [  0   0   0   0   0 100   0   0   0   0   0   0   0   0   0   0]
 [  0   0   0   0   0   0 100   0   0   0   0   0   0   0   0   0]
 [  0   0   0   0   0   0   0  58  42   0   0   0   0   0   0   0]
 [  0   0   0   0   0   0   0   0 100   0   0   0   0   0   0   0]
 [  0   0   0   0   1   0   3   0   0  96   0   0   0   0   0   0]
 [  0   0   0   0   0   0   0   2   0   0  98   0   0   0   0   0]
 [  0   0   0   0   0   0   0   0   0   0   0 100   0   0   0   0]
 [  0   0   0   7   0   0   0   0   0   0   0   0  92   1   0   0]
 [  0   0   0   0   0   0   0   0   0   0   0   0   5  95   0   0]
 [  2   0   0   0   0   0   0   0   0   0   0   0   0   0  98   0]
 [  3   0   0   0   0   0   0   0   0   0   0   0   0   0   0  97]]

PER-CLASS ACC:
['100.00%', '67.00%', '99.00%', '55.00%', '100.00%', '100.00%', '100.00%', '58.00%', '100.00%', '96.00%', '98.00%', '100.00%', '92.00%', '95.00%', '98.00%', '97.00%']

CLASS COUNTS:
[100, 100, 100, 100, 100, 100, 100, 100, 100, 100, 100, 100, 100, 100, 100, 100]

ACC FROM CM: 90.94%

SANITY permuted acc = 6.81% (should be ~6.25%)
