CONFUSION MATRIX:
[[100   0   0   0   0   0   0   0   0   0   0   0   0   0   0   0]
 [  0   0   0  48   0   0   0   0   0   0   0   0   7  45   0   0]
 [  0   0 100   0   0   0   0   0   0   0   0   0   0   0   0   0]
 [  0   0   0  63   0   0   0   0   0   0   0   0  36   1   0   0]
 [  0   0   0   0 100   0   0   0   0   0   0   0   0   0   0   0]
 [  0   0   0   0   0 100   0   0   0   0   0   0   0   0   0   0]
 [  0   0   0  18   0   0  82   0   0   0   0   0   0   0   0   0]
 [  0   0   0   0   0   0   0  56  44   0   0   0   0   0   0   0]
 [  0   0   0   0   0   0   0   0 100   0   0   0   0   0   0   0]
 [  0   0   0   1   0   0   0   0   0  99   0   0   0   0   0   0]
 [  0   0   0   0   0   0   0   7   0   0  93   0   0   0   0   0]
 [  0   0   0  19   0   0   2   0   0   0   0  79   0   0   0   0]
 [  0   0   0  11   0   0   0   0   0   0   0   0  86   3   0   0]
 [  0   0   0   0   0   0   0   0   0   0   0   0   3  97   0   0]
 [  3   0   0   0   0   0   0   0   0   0   0   0   0   0  97   0]
 [ 28   0   0   0   0   0   0   0   0   0   0   0   0   0   0  72]]

PER-CLASS ACC:
['100.00%', '0.00%', '100.00%', '63.00%', '100.00%', '100.00%', '82.00%', '56.00%', '100.00%', '99.00%', '93.00%', '79.00%', '86.00%', '97.00%', '97.00%', '72.00%']

CLASS COUNTS:
[100, 100, 100, 100, 100, 100, 100, 100, 100, 100, 100, 100, 100, 100, 100, 100]

ACC FROM CM: 82.75%

SANITY permuted acc = 2.75% (should be ~6.25%)
