CONFUSION MATRIX:
[[100   0   0   0   0   0   0   0   0   0   0   0   0   0   0   0]
 [  0  50   0  46   0   0   0   0   0   0   0   0   2   2   0   0]
 [  0   0 100   0   0   0   0   0   0   0   0   0   0   0   0   0]
 [  0   5   0  57   0   0   0   0   0   0   0   0  36   2   0   0]
 [  0   0   0   0 100   0   0   0   0   0   0   0   0   0   0   0]
 [  0   0   0   0   0 100   0   0   0   0   0   0   0   0   0   0]
 [  0   0   0   0   0   0 100   0   0   0   0   0   0   0   0   0]
 [  0   0   0   0   0   0   0  73  27   0   0   0   0   0   0   0]
 [  0   0   0   0   0   0   0   0 100   0   0   0   0   0   0   0]
 [  0   0   0   0   1   0   0   0   0  99   0   0   0   0   0   0]
 [  0   0   0   0   0   0   0   2   0   0  98   0   0   0   0   0]
 [  0   0   0   1   0   0   0   0   0   0   0  99   0   0   0   0]
 [  0   0   0  15   0   0   0   0   0   0   0   0  85   0   0   0]
 [  0   0   0   3   0   0   0   0   0   0   0   0   9  88   0   0]
 [  1   1   0   0   0   0   0   0   0   0   0   0   0   0  98   0]
 [  0   0   0   0   0   0   0   0   0   0   0   0   0   0   0 100]]

PER-CLASS ACC:
['100.00%', '50.00%', '100.00%', '57.00%', '100.00%', '100.00%', '100.00%', '73.00%', '100.00%', '99.00%', '98.00%', '99.00%', '85.00%', '88.00%', '98.00%', '100.00%']

CLASS COUNTS:
[100, 100, 100, 100, 100, 100, 100, 100, 100, 100, 100, 100, 100, 100, 100, 100]

ACC FROM CM: 90.44%

SANITY permuted acc = 4.81% (should be ~6.25%)
