CONFUSION MATRIX:
[[100   0   0   0   0   0   0   0   0   0   0   0   0   0   0   0]
 [  0  28   0  37   0   0   0   0   0   0   0   0   2  33   0   0]
 [  0   0  99   0   0   0   0   1   0   0   0   0   0   0   0   0]
 [  0   0   0  60   0   0   0   0   0   0   0   0  40   0   0   0]
 [  0   0   0   0 100   0   0   0   0   0   0   0   0   0   0   0]
 [  0   0   0   0   0 100   0   0   0   0   0   0   0   0   0   0]
 [  0   0   0   0   0   0  99   0   0   0   0   1   0   0   0   0]
 [  0   0   0   0   0   0   0  51  49   0   0   0   0   0   0   0]
 [  0   0   0   0   0   0   0   0 100   0   0   0   0   0   0   0]
 [  0   0   0   0   0   0   0   0   0 100   0   0   0   0   0   0]
 [  0   0   0   0   0   0   0   2   0   0  98   0   0   0   0   0]
 [  0   0   0   0   0   0   0   0   0   0   0 100   0   0   0   0]
 [  0   0   0   6   0   0   0   0   0   0   0   0  94   0   0   0]
 [  0   0   0   0   0   0   0   0   0   0   0   0  10  90   0   0]
 [  2   0   0   0   0   0   0   0   0   0   0   0   0   0  98   0]
 [  0   0   0   0   0   0   0   0   0   0   0   0   0   0   0 100]]

PER-CLASS ACC:
['100.00%', '28.00%', '99.00%', '60.00%', '100.00%', '100.00%', '99.00%', '51.00%', '100.00%', '100.00%', '98.00%', '100.00%', '94.00%', '90.00%', '98.00%', '100.00%']

CLASS COUNTS:
[100, 100, 100, 100, 100, 100, 100, 100, 100, 100, 100, 100, 100, 100, 100, 100]

ACC FROM CM: 88.56%

SANITY permuted acc = 4.81% (should be ~6.25%)
