CONFUSION MATRIX:
[[100   0   0   0   0   0   0   0   0   0   0   0   0   0   0   0]
 [  0   0   0  63   0   0   0   0   0   0   0   0   4  33   0   0]
 [  0   0 100   0   0   0   0   0   0   0   0   0   0   0   0   0]
 [  0   0   0  42   0   0   0   0   0   0   0   0  54   4   0   0]
 [  0   0   0   0 100   0   0   0   0   0   0   0   0   0   0   0]
 [  0   0   0   0   0 100   0   0   0   0   0   0   0   0   0   0]
 [  0   0   0   0   0   0  97   0   0   0   0   2   1   0   0   0]
 [  0   0   0   0   0   0   0  47  53   0   0   0   0   0   0   0]
 [  0   0   0   0   0   0   0   0 100   0   0   0   0   0   0   0]
 [  0   0   0   0   0   0   0   0   0 100   0   0   0   0   0   0]
 [  0   0   0   0   0   0   0  10   0   0  90   0   0   0   0   0]
 [  0   0   0   1   0   0   1   0   0   0   0  98   0   0   0   0]
 [  0   0   0   0   0   0   0   0   0   0   0   0  97   3   0   0]
 [  0   0   0   0   0   0   0   0   0   0   0   0   8  92   0   0]
 [  2   0   0   0   0   0   0   0   0   0   0   0   0   0  98   0]
 [ 16   0   0   0   0   0   0   0   0   0   0   0   0   0   0  84]]

PER-CLASS ACC:
['100.00%', '0.00%', '100.00%', '42.00%', '100.00%', '100.00%', '97.00%', '47.00%', '100.00%', '100.00%', '90.00%', '98.00%', '97.00%', '92.00%', '98.00%', '84.00%']

CLASS COUNTS:
[100, 100, 100, 100, 100, 100, 100, 100, 100, 100, 100, 100, 100, 100, 100, 100]

ACC FROM CM: 84.06%

SANITY permuted acc = 3.31% (should be ~6.25%)
