CONFUSION MATRIX:
[[100   0   0   0   0   0   0   0   0   0   0   0   0   0   0   0]
 [  0  32   0  38   0   0   0   0   0   0   0   0  11  19   0   0]
 [  0   0 100   0   0   0   0   0   0   0   0   0   0   0   0   0]
 [  0   0   0  57   0   0   0   0   0   0   0   0  43   0   0   0]
 [  0   0   0   0 100   0   0   0   0   0   0   0   0   0   0   0]
 [  0   0   0   0   0 100   0   0   0   0   0   0   0   0   0   0]
 [  0   0   0   0   0   0  93   0   0   0   0   7   0   0   0   0]
 [  0   0   0   0   0   0   0  53  46   0   0   0   0   0   1   0]
 [  0   0   0   0   0   0   0   0 100   0   0   0   0   0   0   0]
 [  0   0   0   0   0   0   0   0   0  99   0   1   0   0   0   0]
 [  0   0   0   0   0   0   0   2   0   0  98   0   0   0   0   0]
 [  0   0   0   0   0   0   6   0   0   0   0  94   0   0   0   0]
 [  0   0   0  13   0   0   0   0   0   0   0   0  87   0   0   0]
 [  0   0   0   2   0   0   0   0   0   0   0   0  13  85   0   0]
 [  0   0   0   0   0   0   0   0   0   0   0   0   0   0 100   0]
 [  0   0   0   0   0   0   0   0   0   0   0   0   0   0   0 100]]

PER-CLASS ACC:
['100.00%', '32.00%', '100.00%', '57.00%', '100.00%', '100.00%', '93.00%', '53.00%', '100.00%', '99.00%', '98.00%', '94.00%', '87.00%', '85.00%', '100.00%', '100.00%']

CLASS COUNTS:
[100, 100, 100, 100, 100, 100, 100, 100, 100, 100, 100, 100, 100, 100, 100, 100]

ACC FROM CM: 87.38%

SANITY permuted acc = 4.87% (should be ~6.25%)
