CONFUSION MATRIX:
[[100   0   0   0   0   0   0   0   0   0   0   0   0   0   0   0]
 [  0   0   0  66   0   0   0   0   0   0   0   0   7  27   0   0]
 [  0   0 100   0   0   0   0   0   0   0   0   0   0   0   0   0]
 [  0   0   0  63   0   0   0   0   0   0   0   0  36   1   0   0]
 [  0   0   0   0 100   0   0   0   0   0   0   0   0   0   0   0]
 [  0   0   0   0   0  98   0   0   0   2   0   0   0   0   0   0]
 [  0   0   0   1   0   0  99   0   0   0   0   0   0   0   0   0]
 [  0   0   0   0   0   0   0  61  39   0   0   0   0   0   0   0]
 [  0   0   0   0   0   0   0   0 100   0   0   0   0   0   0   0]
 [  0   0   0   1   0   0   0   0   0  99   0   0   0   0   0   0]
 [  0   0   0   0   0   0   0   7   0   0  93   0   0   0   0   0]
 [  0   0   0   8   0   0   1   0   0   0   0  91   0   0   0   0]
 [  0   0   0   7   0   0   0   0   0   0   0   0  91   2   0   0]
 [  0   0   0   0   0   0   0   0   0   0   0   0   2  98   0   0]
 [  0   0   0   0   0   0   0   0   0   0   0   0   0   0 100   0]
 [ 13   0   0   0   0   0   0   0   0   0   0   0   0   0   0  87]]

PER-CLASS ACC:
['100.00%', '0.00%', '100.00%', '63.00%', '100.00%', '98.00%', '99.00%', '61.00%', '100.00%', '99.00%', '93.00%', '91.00%', '91.00%', '98.00%', '100.00%', '87.00%']

CLASS COUNTS:
[100, 100, 100, 100, 100, 100, 100, 100, 100, 100, 100, 100, 100, 100, 100, 100]

ACC FROM CM: 86.25%

SANITY permuted acc = 2.44% (should be ~6.25%)
