CONFUSION MATRIX:
[[100   0   0   0   0   0   0   0   0   0   0   0   0   0   0   0]
 [  0  41   0  56   0   0   0   0   0   0   0   0   2   1   0   0]
 [  0   0 100   0   0   0   0   0   0   0   0   0   0   0   0   0]
 [  0   0   0  80   0   0   0   0   0   0   0   0  20   0   0   0]
 [  0   0   0   0 100   0   0   0   0   0   0   0   0   0   0   0]
 [  0   0   0   0   0 100   0   0   0   0   0   0   0   0   0   0]
 [  0   0   0   0   0   0 100   0   0   0   0   0   0   0   0   0]
 [  0   0   0   0   0   0   0  85  15   0   0   0   0   0   0   0]
 [  0   0   0   0   0   0   0   0 100   0   0   0   0   0   0   0]
 [  0   0   0   0   0   0   0   0   0 100   0   0   0   0   0   0]
 [  0   0   0   0   0   0   0   1   0   0  99   0   0   0   0   0]
 [  0   0   0   0   0   0   0   0   0   0   0 100   0   0   0   0]
 [  0   0   0   7   0   0   0   0   0   0   0   0  93   0   0   0]
 [  0   0   0   0   0   0   0   0   0   0   0   0   1  99   0   0]
 [  0   0   0   0   0   0   0   0   0   0   0   0   0   0 100   0]
 [  2   0   0   0   0   0   0   0   0   0   0   0   0   0   0  98]]

PER-CLASS ACC:
['100.00%', '41.00%', '100.00%', '80.00%', '100.00%', '100.00%', '100.00%', '85.00%', '100.00%', '100.00%', '99.00%', '100.00%', '93.00%', '99.00%', '100.00%', '98.00%']

CLASS COUNTS:
[100, 100, 100, 100, 100, 100, 100, 100, 100, 100, 100, 100, 100, 100, 100, 100]

ACC FROM CM: 93.44%

SANITY permuted acc = 5.38% (should be ~6.25%)
