CONFUSION MATRIX:
[[100   0   0   0   0   0   0   0   0   0   0   0   0   0   0   0]
 [  0  66   0  33   0   0   0   0   0   0   0   0   1   0   0   0]
 [  0   0 100   0   0   0   0   0   0   0   0   0   0   0   0   0]
 [  0   1   0  63   0   0   0   0   0   0   0   0  36   0   0   0]
 [  0   0   0   0 100   0   0   0   0   0   0   0   0   0   0   0]
 [  0   0   0   0   0 100   0   0   0   0   0   0   0   0   0   0]
 [  0   0   0   0   0   0  99   0   0   0   0   1   0   0   0   0]
 [  0   0   0   0   0   0   0  88  12   0   0   0   0   0   0   0]
 [  0   0   0   0   0   0   0   0 100   0   0   0   0   0   0   0]
 [  0   0   0   0   0   0   0   0   0 100   0   0   0   0   0   0]
 [  0   0   0   0   0   0   0   1   0   0  99   0   0   0   0   0]
 [  0   0   0   0   0   0   0   0   0   0   0 100   0   0   0   0]
 [  0   0   0   1   0   0   0   0   0   0   0   0  99   0   0   0]
 [  0   0   0   0   0   0   0   0   0   0   0   0   5  95   0   0]
 [  0   0   0   0   0   0   0   0   0   0   0   0   0   0 100   0]
 [  0   0   0   0   0   0   0   0   0   0   0   0   0   0   0 100]]

PER-CLASS ACC:
['100.00%', '66.00%', '100.00%', '63.00%', '100.00%', '100.00%', '99.00%', '88.00%', '100.00%', '100.00%', '99.00%', '100.00%', '99.00%', '95.00%', '100.00%', '100.00%']

CLASS COUNTS:
[100, 100, 100, 100, 100, 100, 100, 100, 100, 100, 100, 100, 100, 100, 100, 100]

ACC FROM CM: 94.31%

SANITY permuted acc = 14.69% (should be ~6.25%)
